ImageSize = 512 512 136
PixelSpacing = 0.46875 0.46875 0.5
