ImageSize = 512 512 200
PixelSpacing = 0.396484 0.396484 0.8
